# AA	Res_id	Binary	Proba
GLY	19	0.0	0.17175690829753876
LYS	20	1.0	0.30438509583473206
ARG	21	1.0	0.2958107590675354
PRO	22	0.0	0.23550879955291748
THR	23	0.0	0.18445713818073273
ASP	24	1.0	0.25012433528900146
LEU	25	1.0	0.30972611904144287
ALA	26	0.0	0.07199663668870926
LEU	27	0.0	0.13171301782131195
SER	28	0.0	0.24235694110393524
VAL	29	0.0	0.08715097606182098
ILE	30	0.0	0.07487805932760239
LEU	31	0.0	0.1124289408326149
VAL	32	0.0	0.12980550527572632
PHE	33	0.0	0.10054218769073486
MET	34	0.0	0.07461737841367722
LEU	35	0.0	0.15475580096244812
PHE	36	0.0	0.10133222490549088
PHE	37	0.0	0.12076816707849503
ILE	38	0.0	0.1088949590921402
MET	39	0.0	0.04263602942228317
LEU	40	0.0	0.06438862532377243
SER	41	0.0	0.08007273077964783
LEU	42	0.0	0.14005886018276215
GLY	43	0.0	0.026920780539512634
CYS	44	0.0	0.18658936023712158
THR	45	0.0	0.2220955342054367
MET	46	0.0	0.07291273772716522
GLU	47	0.0	0.183054119348526
PHE	48	0.0	0.18919971585273743
SER	49	0.0	0.20342214405536652
LYS	50	0.0	0.20424461364746094
ILE	51	0.0	0.08660778403282166
LYS	52	0.0	0.15456271171569824
ALA	53	0.0	0.18456299602985382
HIS	54	0.0	0.14426560699939728
LEU	55	0.0	0.14891117811203003
TRP	56	0.0	0.22925269603729248
LYS	57	0.0	0.14946818351745605
PRO	58	0.0	0.11909772455692291
LYS	59	0.0	0.12458667904138565
GLY	60	0.0	0.05262438580393791
LEU	61	0.0	0.10031944513320923
ALA	62	0.0	0.07379825413227081
ILE	63	0.0	0.04011378437280655
ALA	64	0.0	0.018093587830662727
LEU	65	0.0	0.09648364782333374
VAL	66	0.0	0.06420533359050751
ALA	67	0.0	0.02729615941643715
GLN	68	0.0	0.034989725798368454
TYR	69	0.0	0.1273498684167862
GLY	70	0.0	0.1316458284854889
ILE	71	0.0	0.12705591320991516
MET	72	0.0	0.03248009830713272
PRO	73	0.0	0.022028781473636627
LEU	74	0.0	0.0928197056055069
THR	75	0.0	0.05386310815811157
ALA	76	0.0	0.022456731647253036
PHE	77	0.0	0.06028550863265991
VAL	78	0.0	0.04456459730863571
LEU	79	0.0	0.0695897564291954
GLY	80	0.0	0.049353018403053284
LYS	81	0.0	0.11133237183094025
VAL	82	0.0	0.10158469527959824
PHE	83	0.0	0.11279843002557755
ARG	84	0.0	0.22044336795806885
LEU	85	0.0	0.18246129155158997
LYS	86	1.0	0.4058097302913666
ASN	87	1.0	0.30266889929771423
ILE	88	1.0	0.29774534702301025
GLU	89	0.0	0.16047151386737823
ALA	90	0.0	0.10258923470973969
LEU	91	0.0	0.09076894819736481
ALA	92	0.0	0.01496452558785677
ILE	93	0.0	0.026564473286271095
LEU	94	0.0	0.039022427052259445
VAL	95	0.0	0.0625176727771759
CYS	96	0.0	0.012908960692584515
GLY	97	0.0	0.020193779841065407
CYS	98	0.0	0.015781862661242485
SER	99	0.0	0.012646843679249287
PRO	100	0.0	0.0330791175365448
GLY	101	0.0	0.0370880588889122
GLY	102	0.0	0.07856767624616623
ASN	103	0.0	0.10132871568202972
LEU	104	0.0	0.08999638259410858
SER	105	0.0	0.04860275238752365
ASN	106	0.0	0.036230843514204025
VAL	107	0.0	0.1538434773683548
PHE	108	0.0	0.05130629613995552
SER	109	0.0	0.05246875807642937
LEU	110	0.0	0.1916949450969696
ALA	111	0.0	0.18962225317955017
MET	112	0.0	0.06833329051733017
LYS	113	0.0	0.18600013852119446
GLY	114	0.0	0.10103048384189606
ASP	115	0.0	0.1205674409866333
MET	116	0.0	0.14046072959899902
ASN	117	0.0	0.07069242745637894
LEU	118	0.0	0.045029472559690475
SER	119	0.0	0.019370032474398613
ILE	120	0.0	0.0716763287782669
VAL	121	0.0	0.03954484313726425
MET	122	0.0	0.03181139752268791
THR	123	0.0	0.05836119502782822
THR	124	0.0	0.11042602360248566
CYS	125	0.0	0.08212221413850784
SER	126	0.0	0.03156130760908127
THR	127	0.0	0.07167738676071167
PHE	128	0.0	0.12131410837173462
CYS	129	0.0	0.05755901336669922
ALA	130	0.0	0.04404449462890625
LEU	131	0.0	0.1596280038356781
GLY	132	0.0	0.14661549031734467
MET	133	0.0	0.1678130328655243
MET	134	0.0	0.04223339259624481
PRO	135	0.0	0.14782211184501648
LEU	136	0.0	0.12669892609119415
LEU	137	0.0	0.08251107484102249
LEU	138	0.0	0.03573838621377945
TYR	139	1.0	0.2672017514705658
ILE	140	0.0	0.14389507472515106
TYR	141	0.0	0.16566331684589386
SER	142	0.0	0.1249963790178299
ARG	143	0.0	0.24162337183952332
GLY	144	1.0	0.2641918659210205
ILE	145	0.0	0.22351832687854767
TYR	146	0.0	0.2420405149459839
ASP	147	1.0	0.28471022844314575
GLY	148	1.0	0.2724743187427521
ASP	149	1.0	0.3006588816642761
LEU	150	0.0	0.15938454866409302
LYS	151	1.0	0.28789830207824707
ASP	152	1.0	0.35027194023132324
LYS	153	1.0	0.25733450055122375
VAL	154	0.0	0.10515831410884857
PRO	155	0.0	0.13681888580322266
TYR	156	0.0	0.14697638154029846
LYS	157	0.0	0.19884052872657776
GLY	158	0.0	0.20609179139137268
ILE	159	0.0	0.05573957413434982
VAL	160	0.0	0.09004256874322891
ILE	161	0.0	0.13674113154411316
SER	162	0.0	0.12603582441806793
LEU	163	0.0	0.1025734692811966
VAL	164	0.0	0.057109247893095016
LEU	165	0.0	0.1124032586812973
VAL	166	0.0	0.08276262879371643
LEU	167	0.0	0.06806983053684235
ILE	168	0.0	0.05206627771258354
PRO	169	0.0	0.028918912634253502
CYS	170	0.0	0.06715258955955505
THR	171	0.0	0.05933729559183121
ILE	172	0.0	0.03684166073799133
GLY	173	0.0	0.06968202441930771
ILE	174	0.0	0.07010816037654877
VAL	175	0.0	0.05188881605863571
LEU	176	0.0	0.07074104249477386
LYS	177	0.0	0.19855865836143494
SER	178	0.0	0.20578742027282715
LYS	179	0.0	0.20011448860168457
ARG	180	0.0	0.14030851423740387
PRO	181	0.0	0.19560930132865906
GLN	182	0.0	0.13862617313861847
TYR	183	0.0	0.154120534658432
MET	184	0.0	0.12830795347690582
ARG	185	0.0	0.24642710387706757
TYR	186	0.0	0.15458326041698456
VAL	187	0.0	0.08221744745969772
ILE	188	0.0	0.1591564416885376
LYS	189	0.0	0.16037890315055847
GLY	190	0.0	0.05604805424809456
GLY	191	0.0	0.07029645144939423
MET	192	0.0	0.2177422046661377
ILE	193	0.0	0.10023504495620728
ILE	194	0.0	0.062041908502578735
ILE	195	0.0	0.11804654449224472
LEU	196	0.0	0.12550708651542664
LEU	197	0.0	0.07909510284662247
CYS	198	0.0	0.04286468029022217
SER	199	0.0	0.12538941204547882
VAL	200	0.0	0.13966241478919983
ALA	201	0.0	0.10556411743164062
VAL	202	0.0	0.12042411416769028
THR	203	0.0	0.09926386177539825
VAL	204	0.0	0.08939961344003677
LEU	205	0.0	0.06918376684188843
SER	206	0.0	0.18030835688114166
ALA	207	0.0	0.13912606239318848
ILE	208	0.0	0.20854969322681427
ASN	209	0.0	0.22118282318115234
VAL	210	1.0	0.2772466242313385
GLY	211	0.0	0.24075087904930115
LYS	212	1.0	0.3076234757900238
SER	213	1.0	0.31240737438201904
ILE	214	1.0	0.29616469144821167
MET	215	1.0	0.36213845014572144
PHE	216	1.0	0.3082679510116577
ALA	217	0.0	0.24681921303272247
MET	218	0.0	0.15968625247478485
THR	219	0.0	0.1957692801952362
PRO	220	0.0	0.14561781287193298
LEU	221	0.0	0.15628311038017273
LEU	222	0.0	0.07568751275539398
ILE	223	0.0	0.13911864161491394
ALA	224	0.0	0.044102445244789124
THR	225	0.0	0.020262856036424637
SER	226	0.0	0.020452769473195076
SER	227	0.0	0.09519084542989731
LEU	228	0.0	0.04775231331586838
MET	229	0.0	0.018326077610254288
PRO	230	0.0	0.019053509458899498
PHE	231	0.0	0.1188945546746254
ILE	232	0.0	0.04745851457118988
GLY	233	0.0	0.013956886716187
PHE	234	0.0	0.04144545644521713
LEU	235	0.0	0.04486987367272377
LEU	236	0.0	0.040907833725214005
GLY	237	0.0	0.025362253189086914
TYR	238	0.0	0.12662549316883087
VAL	239	0.0	0.08197427541017532
LEU	240	0.0	0.038328759372234344
SER	241	0.0	0.020029086619615555
ALA	242	0.0	0.1323641836643219
LEU	243	0.0	0.1186813935637474
PHE	244	0.0	0.07610853761434555
CYS	245	0.0	0.14907971024513245
LEU	246	0.0	0.13338160514831543
ASN	247	0.0	0.19030329585075378
GLY	248	0.0	0.17285922169685364
ARG	249	0.0	0.18825140595436096
CYS	250	0.0	0.09708563983440399
ARG	251	0.0	0.13026289641857147
ARG	252	0.0	0.1359253227710724
THR	253	0.0	0.016681630164384842
VAL	254	0.0	0.018945451825857162
SER	255	0.0	0.02979246899485588
MET	256	0.0	0.02599218115210533
GLU	257	0.0	0.02204366773366928
THR	258	0.0	0.015917818993330002
GLY	259	0.0	0.019398009404540062
CYS	260	0.0	0.02259911224246025
GLN	261	0.0	0.07640617340803146
ASN	262	0.0	0.07702746987342834
VAL	263	0.0	0.10348530113697052
GLN	264	0.0	0.18176314234733582
LEU	265	0.0	0.09631823003292084
CYS	266	0.0	0.026004094630479813
SER	267	0.0	0.19569066166877747
THR	268	1.0	0.29865092039108276
ILE	269	0.0	0.10440844297409058
LEU	270	0.0	0.053725529462099075
ASN	271	1.0	0.3883337676525116
VAL	272	1.0	0.4879022240638733
ALA	273	1.0	0.2845994532108307
PHE	274	1.0	0.34898239374160767
PRO	275	1.0	0.3417913317680359
PRO	276	1.0	0.3563765585422516
GLU	277	1.0	0.38654422760009766
VAL	278	1.0	0.27282455563545227
ILE	279	1.0	0.3275572955608368
GLY	280	1.0	0.30125099420547485
PRO	281	1.0	0.392397940158844
LEU	282	0.0	0.16403770446777344
PHE	283	0.0	0.24153217673301697
PHE	284	0.0	0.17840154469013214
PHE	285	0.0	0.1165241003036499
PRO	286	0.0	0.10948073863983154
LEU	287	0.0	0.17106229066848755
LEU	288	0.0	0.09969489276409149
TYR	289	0.0	0.022114451974630356
MET	290	0.0	0.1455710381269455
ILE	291	0.0	0.08679734170436859
PHE	292	0.0	0.10532281547784805
GLN	293	0.0	0.04375901073217392
LEU	294	0.0	0.16420182585716248
GLY	295	0.0	0.06133047863841057
GLU	296	0.0	0.092930369079113
GLY	297	0.0	0.028830185532569885
LEU	298	0.0	0.11303055286407471
LEU	299	0.0	0.06472860276699066
LEU	300	0.0	0.06954534351825714
ILE	301	0.0	0.09551841765642166
ALA	302	0.0	0.07879332453012466
ILE	303	0.0	0.07133512198925018
PHE	304	0.0	0.11465151607990265
TRP	305	0.0	0.16389308869838715
CYS	306	0.0	0.10877068340778351
TYR	307	0.0	0.17164982855319977
GLU	308	0.0	0.13899663090705872
LYS	309	0.0	0.14523310959339142
PHE	310	0.0	0.14671674370765686
LYS	311	0.0	0.10695333778858185
